
@CNhipoteses$[([1,2,2,1],(0,0)),([2,3,5,4],(0,0)),([3,3,1,1],(0,0)),([4,5,2,4],(0,0)),([5,6,5,6],(2,0)),([6,6,4,3],(2,0))] SF[6,6,6,6]&G
@CNhipoteses$[([1,2,2,1],(0,0)),([2,3,5,4],(0,0)),([3,3,1,1],(0,0)),([4,5,2,4],(0,0)),([5,6,5,6],(2,0)),([6,6,4,3],(2,0))] SF[6,6,6,6]&G
@DNhipoteses#"1234"(0,1)"2222"(1,0)"3333"(0,0)"6526"(4,0)%W3 
@DNhipoteses#"1234"(0,1)"4321"(1,0)"2345"(0,2)"6545"(2,0)"4321"(1,0)"2345"(0,2)"4562"(1,2)"1234"(0,1)"3452"(0,2)"6526"(4,0)%W9 
@DNhipoteses#"1263"(0,2)"5626"(2,2)"6526"(4,0) %W2
@CNhipoteses$[([1,2,2,1],(0,0)),([2,3,5,4],(0,3)),([3,3,1,1],(0,1)),([4,5,2,4],(1,1)),([5,6,5,6],(0,2)),([6,6,4,3],(3,0))] SF[6,5,4,3]&G
@CNhipoteses$[([1,2,2,1],(0,0)),([2,3,5,4],(0,0)),([3,3,1,1],(0,0)),([4,5,2,4],(0,0)),([5,6,5,6],(2,0)),([6,6,4,3],(2,0))] SF[6,6,6,6]&G
@CNhipoteses$[([1,2,2,1],(2,0)),([2,3,5,4],(1,2)),([3,3,1,1],(0,2)),([4,5,2,4],(1,1)),([5,6,5,6],(0,0)),([6,6,4,3],(0,2))] SF[1,2,3,4]&G
@CNhipoteses$[([1,2,2,1],(0,0)),([2,3,5,4],(0,0)),([3,3,1,1],(0,0)),([4,5,2,4],(0,0)),([5,6,5,6],(2,0)),([6,6,4,3],(2,0))] SF[6,6,6,6]&G
@CNhipoteses$[([1,2,2,1],(2,0)),([2,3,5,4],(1,0)),([3,3,1,1],(0,0)),([4,5,2,4],(1,0)),([5,6,5,6],(0,0)),([6,6,4,3],(0,0))] SF[2,2,2,2]&G
@CNhipoteses$[([1,2,2,1],(2,0)),([2,3,5,4],(0,3)),([3,3,1,1],(2,0)),([4,5,2,4],(2,0)),([5,6,5,6],(0,0)),([6,6,4,3],(0,2))]@CNhipoteses$[([1,2,2,1],(2,0)),([2,3,5,4],(0,3)),([3,3,1,1],(2,0)),([4,5,2,4],(2,0)),([5,6,5,6],(0,0)),([6,6,4,3],(0,2))]@CNhipoteses$[([1,2,2,1],(2,0)),([2,3,5,4],(1,2)),([3,3,1,1],(2,0)),([4,5,2,4],(2,0)),([5,6,5,6],(0,0)),([6,6,4,3],(0,2))] SF[4,3,2,1]&G
@CNhipoteses$[([1,2,2,1],(0,0)),([2,3,5,4],(0,0)),([3,3,1,1],(0,0)),([4,5,2,4],(0,0)),([5,6,5,6],(2,0)),([6,6,4,3],(2,0))] SF[6,6,6,6]&G
@CNhipoteses$[([1,2,2,1],(2,0)),([2,3,5,4],(0,3)),([3,3,1,1],(2,0)),([4,5,2,4],(1,1)),([5,6,5,6],(0,0)),([6,6,4,3],(0,2))] SF[3,4,2,1]&G
@CNhipoteses$[([1,2,2,1],(2,0)),([2,3,5,4],(1,2)),([3,3,1,1],(2,0)),([4,5,2,4],(1,2)),([5,6,5,6],(2,2)),([6,6,4,3],(2,2))]@CNhipoteses$[([1,2,2,1],(2,0)),([2,3,5,4],(1,2)),([3,3,1,1],(2,0)),([4,5,2,4],(2,0)),([5,6,5,6],(0,0)),([6,6,4,3],(0,2))] SF[4,3,2,1]&G
